+-------+----------------------+----------------+
| TOPIC | PERC  NO ACC  ANSWER | MEDIAN TIME(H) |
+-------+----------------------+----------------+
|    15 |                 56.8 |            3.8 |
|     6 |                 56.6 |            1.8 |
|    13 |                 50.0 |            1.4 |
|     9 |                 47.5 |            5.4 |
|    14 |                 47.2 |            1.6 |
|     8 |                 46.8 |            3.1 |
|     0 |                 46.7 |            7.5 |
|     1 |                 45.7 |            1.6 |
|    17 |                 45.0 |            4.3 |
|     5 |                 44.7 |            3.0 |
|    10 |                 43.9 |            5.9 |
|     2 |                 43.1 |            2.6 |
|     4 |                 40.9 |            1.6 |
|    18 |                 40.8 |            2.1 |
|     7 |                 40.7 |            1.7 |
|    16 |                 40.2 |            1.1 |
|    12 |                 37.0 |            1.9 |
|     3 |                 34.7 |            1.5 |
|    19 |                 29.9 |            2.2 |
|    11 |                 21.4 |            1.1 |
+-------+----------------------+----------------+
