+-------+----------------------+----------------+
| TOPIC | PERC  NO ACC  ANSWER | MEDIAN TIME(H) |
+-------+----------------------+----------------+
|    21 |                 62.1 |            5.3 |
|    15 |                 61.1 |            3.4 |
|     7 |                 53.1 |            1.6 |
|     6 |                 51.5 |            3.4 |
|    13 |                 50.0 |            4.1 |
|    12 |                 47.3 |            2.0 |
|     9 |                 46.9 |            5.4 |
|     1 |                 46.8 |            3.5 |
|     8 |                 46.7 |            1.5 |
|    10 |                 46.3 |            2.7 |
|    18 |                 42.9 |            0.7 |
|     4 |                 42.8 |            3.8 |
|     2 |                 41.8 |            0.7 |
|    11 |                 40.9 |            2.0 |
|     3 |                 40.8 |            1.7 |
|    19 |                 40.6 |            2.9 |
|    14 |                 40.5 |            3.0 |
|    20 |                 39.3 |            1.0 |
|    22 |                 38.9 |            0.6 |
|     0 |                 38.6 |            3.0 |
|     5 |                 35.2 |            2.0 |
|    17 |                 30.8 |            0.2 |
|    16 |                 29.4 |            1.6 |
+-------+----------------------+----------------+
