+-------+----------------------+----------------+
| TOPIC | PERC  NO ACC  ANSWER | MEDIAN TIME(H) |
+-------+----------------------+----------------+
|     0 |                 58.5 |            4.0 |
|     2 |                 49.0 |            1.2 |
|    11 |                 48.1 |            3.8 |
|     5 |                 44.4 |            0.9 |
|     9 |                 44.2 |            4.7 |
|     3 |                 42.0 |            3.8 |
|    12 |                 40.7 |            4.9 |
|     7 |                 40.0 |            2.1 |
|    10 |                 39.4 |            1.8 |
|     4 |                 39.4 |            1.6 |
|     8 |                 38.8 |            4.5 |
|     1 |                 38.4 |            2.2 |
|     6 |                 36.8 |            1.6 |
|    13 |                 33.9 |            1.5 |
+-------+----------------------+----------------+
