+-------+-----------+-----------+------------+
| TOPIC | AVG  VIEW | AVG  FAV  | AVG  SCORE |
+-------+-----------+-----------+------------+
|    10 |    2010.2 |       0.0 |        2.5 |
|    13 |    1874.3 |       0.0 |        2.7 |
|     7 |    1824.7 |       0.0 |        3.6 |
|     4 |    1701.4 |       0.0 |        2.9 |
|    11 |    1667.0 |       0.0 |        3.1 |
|    12 |    1650.0 |       0.0 |        2.9 |
|     2 |    1461.2 |       0.0 |        2.7 |
|     5 |    1384.7 |       0.0 |        2.3 |
|     8 |    1379.8 |       0.0 |        2.0 |
|     6 |    1267.5 |       0.0 |        1.9 |
|     9 |    1263.7 |       0.0 |        3.1 |
|     1 |    1035.8 |       0.0 |        1.6 |
|     0 |     961.7 |       0.0 |        1.5 |
|     3 |     823.9 |       0.0 |        0.9 |
+-------+-----------+-----------+------------+
