+-------+-------+------------+
| TOPIC | POSTS | PERCENTAGE |
+-------+-------+------------+
|    12 |   320 |       11.7 |
|    16 |   302 |       11.1 |
|     7 |   207 |        7.6 |
|     3 |   184 |        6.7 |
|    17 |   168 |        6.2 |
|    10 |   161 |        5.9 |
|     1 |   149 |        5.5 |
|     2 |   124 |        4.5 |
|     8 |   123 |        4.5 |
|    18 |   119 |        4.4 |
|     5 |   116 |        4.3 |
|    14 |    98 |        3.6 |
|    13 |    93 |        3.4 |
|     6 |    92 |        3.4 |
|     0 |    91 |        3.3 |
|    11 |    90 |        3.3 |
|    19 |    90 |        3.3 |
|    15 |    76 |        2.8 |
|     9 |    69 |        2.5 |
|     4 |    57 |        2.1 |
+-------+-------+------------+
