+-------+-------+------------+
| TOPIC | POSTS | PERCENTAGE |
+-------+-------+------------+
|     4 |   376 |       13.2 |
|    13 |   332 |       11.6 |
|     2 |   324 |       11.4 |
|     1 |   318 |       11.1 |
|     3 |   253 |        8.9 |
|    10 |   204 |        7.2 |
|     0 |   203 |        7.1 |
|     8 |   172 |        6.0 |
|    11 |   159 |        5.6 |
|     7 |   125 |        4.4 |
|     6 |   108 |        3.8 |
|    12 |   102 |        3.6 |
|     5 |    97 |        3.4 |
|     9 |    80 |        2.8 |
+-------+-------+------------+
